[
  0,
  3,
  4,
  6,
  8,
  9,
  11,
  11,
  13,
  13,
  13,
  14,
  14,
  15,
  18,
  19,
  20,
  20,
  21,
  22,
  23,
  23,
  23,
  25,
  28,
  28,
  29,
  29,
  29,
  30,
  31,
  32,
  32,
  33,
  34,
  34,
  34,
  35,
  36,
  37,
  38,
  40,
  41,
  41,
  42,
  42,
  42,
  43,
  44,
  45,
  47,
  49,
  50,
  52,
  53,
  53,
  55,
  57,
  57,
  57,
  58,
  58,
  59,
  61,
  63,
  63,
  63,
  63,
  64,
  65,
  65,
  66,
  67,
  68,
  72,
  73,
  75,
  77,
  79,
  82,
  83,
  83,
  83,
  85,
  85,
  85,
  86,
  86,
  86,
  88,
  89,
  89,
  89,
  89,
  90,
  93,
  94,
  94,
  95,
  96,
  96
]
