[
  0,
  0,
  1,
  1,
  3,
  5,
  5,
  8,
  9,
  10,
  10,
  13,
  13,
  14,
  14,
  17,
  18,
  18,
  20,
  22,
  23,
  23,
  24,
  24,
  24,
  25,
  28,
  30,
  30,
  31,
  31,
  33,
  34,
  35,
  35,
  37,
  37,
  39,
  41,
  41,
  45,
  47,
  48,
  49,
  49,
  50,
  51,
  51,
  52,
  52,
  53,
  53,
  54,
  57,
  57,
  59,
  60,
  62,
  65,
  65,
  67,
  67,
  68,
  69,
  69,
  70,
  70,
  71,
  72,
  72,
  72,
  73,
  74,
  76,
  76,
  77,
  77,
  79,
  82,
  82,
  83,
  83,
  84,
  86,
  89,
  89,
  90,
  91,
  92,
  92,
  95,
  96,
  96,
  97,
  102,
  102,
  102,
  103,
  103,
  103,
  104,
  105,
  109,
  110,
  110,
  111,
  111,
  112,
  112,
  112,
  113,
  113,
  114,
  114,
  114,
  117,
  118,
  119,
  119,
  122,
  122,
  123,
  123,
  124,
  124,
  125,
  126,
  128,
  129,
  130,
  131,
  131,
  132,
  133,
  135,
  135,
  136,
  136,
  137,
  138,
  138,
  142,
  144,
  146,
  146,
  148,
  149,
  152,
  152,
  153,
  153,
  153,
  153,
  156,
  158,
  159,
  160,
  162,
  162,
  164,
  164,
  165,
  165,
  166,
  168,
  170,
  170,
  170,
  171,
  172,
  175,
  177,
  177,
  178,
  179,
  179,
  180,
  180,
  181,
  181,
  182,
  183,
  184,
  186,
  187,
  188,
  190,
  190,
  191,
  192,
  195,
  195,
  198,
  198,
  198,
  200,
  201,
  201,
  201,
  204,
  204,
  205,
  208,
  209,
  211,
  212,
  214,
  215,
  215,
  217,
  219,
  223,
  223,
  225,
  225,
  226,
  227,
  228,
  230,
  230,
  230,
  233,
  233,
  235,
  237,
  237,
  240,
  241,
  242,
  243,
  244,
  248,
  248,
  255,
  255,
  256,
  256,
  258,
  258,
  258,
  260,
  261,
  262,
  263,
  263,
  264,
  267,
  267,
  267,
  269,
  269,
  269,
  270,
  272,
  273,
  274,
  276,
  276,
  277,
  277,
  277,
  278,
  278,
  280,
  280,
  283,
  285,
  286,
  290,
  290,
  290,
  291,
  291,
  295,
  296,
  298,
  298,
  298,
  305,
  305,
  305,
  305,
  307,
  307,
  308,
  308,
  310,
  310,
  311,
  312,
  313,
  314,
  318,
  319,
  320,
  321,
  322,
  322,
  323,
  324,
  327,
  329,
  332,
  334,
  334,
  335,
  338,
  339,
  339,
  340,
  341,
  341,
  341,
  341,
  343,
  344,
  345,
  345,
  346,
  349,
  350,
  351,
  351,
  353,
  354,
  354,
  357,
  359,
  359,
  359,
  361,
  361,
  363,
  363,
  363,
  365,
  365,
  365,
  366,
  368,
  368,
  370,
  371,
  373,
  374,
  374,
  376,
  377,
  378,
  379,
  380,
  383,
  383,
  383,
  384,
  385,
  386,
  387,
  389,
  392,
  392,
  392,
  392,
  393,
  394,
  394,
  394,
  395,
  396,
  397,
  399,
  401,
  403,
  412,
  413,
  414,
  414,
  417,
  419,
  419,
  420,
  420,
  424,
  425,
  426,
  426,
  426,
  427,
  428,
  429,
  429,
  429,
  430,
  431,
  433,
  433,
  434,
  434,
  435,
  437,
  438,
  440,
  440,
  441,
  442,
  442,
  442,
  444,
  445,
  445,
  445,
  446,
  448,
  448,
  448,
  449,
  452,
  452,
  453,
  453,
  454,
  455,
  455,
  456,
  459,
  459,
  460,
  461,
  463,
  464,
  464,
  466,
  467,
  468,
  470,
  470,
  470,
  470,
  471,
  473,
  474,
  475,
  476,
  477,
  477,
  477,
  477,
  478,
  483,
  484,
  484,
  485,
  487,
  487,
  489,
  490,
  492,
  492,
  494,
  495,
  495,
  496,
  497,
  498,
  499,
  501,
  502,
  502,
  502,
  502,
  504,
  504,
  506,
  506,
  507,
  508,
  509,
  510,
  511,
  511,
  512,
  512,
  513,
  513,
  513,
  513,
  514,
  515,
  516,
  517,
  519,
  527,
  527,
  527,
  527,
  528,
  530,
  530,
  530,
  531,
  531,
  531,
  531,
  533,
  533,
  538,
  538,
  538,
  539,
  539,
  539,
  539,
  539,
  542,
  543,
  544,
  545,
  546,
  546,
  546,
  547,
  548,
  548,
  551,
  551,
  552,
  552,
  553,
  553,
  555,
  555,
  556,
  557,
  558,
  558,
  560,
  561,
  561,
  562,
  563,
  565,
  568,
  568,
  570,
  571,
  571,
  572,
  572,
  572,
  574,
  574,
  574,
  575,
  576,
  577,
  577,
  577,
  578,
  578,
  579,
  579,
  580,
  580,
  581,
  582,
  582,
  583,
  584,
  585,
  585,
  586,
  587,
  590,
  590,
  592,
  592,
  593,
  594,
  595,
  596,
  597,
  598,
  598,
  598,
  598,
  599,
  600,
  600,
  600,
  601,
  602,
  602,
  604,
  605,
  605,
  607,
  607,
  608,
  608,
  610,
  612,
  613,
  613,
  613,
  614,
  614,
  615,
  616,
  616,
  617,
  618,
  620,
  622,
  623,
  624,
  625,
  626,
  628,
  630,
  630,
  631,
  632,
  632,
  632,
  633,
  634,
  636,
  639,
  640,
  640,
  641,
  641,
  641,
  643,
  643,
  643,
  645,
  645,
  646,
  646,
  646,
  647,
  647,
  650,
  651,
  652,
  652,
  653,
  653,
  654,
  655,
  655,
  656,
  656,
  657,
  657,
  659,
  659,
  660,
  661,
  663,
  663,
  665,
  666,
  667,
  667,
  671,
  671,
  672,
  672,
  675,
  675,
  677,
  678,
  678,
  684,
  684,
  685,
  685,
  688,
  688,
  689,
  690,
  690,
  690,
  691,
  691,
  691,
  694,
  694,
  695,
  695,
  695,
  695,
  699,
  701,
  701,
  704,
  704,
  706,
  707,
  708,
  709,
  709,
  711,
  713,
  714,
  714,
  714,
  717,
  720,
  721,
  721,
  723,
  724,
  725,
  725,
  727,
  728,
  731,
  733,
  733,
  733,
  733,
  735,
  735,
  736,
  739,
  739,
  740,
  740,
  741,
  741,
  742,
  742,
  742,
  745,
  746,
  747,
  749,
  749,
  751,
  751,
  752,
  752,
  752,
  752,
  752,
  753,
  754,
  755,
  755,
  757,
  757,
  758,
  759,
  759,
  760,
  761,
  762,
  762,
  763,
  763,
  764,
  764,
  764,
  765,
  766,
  766,
  766,
  768,
  768,
  769,
  771,
  771,
  773,
  773,
  773,
  774,
  775,
  777,
  777,
  778,
  778,
  780,
  780,
  781,
  781,
  782,
  783,
  784,
  784,
  785,
  786,
  786,
  787,
  787,
  788,
  788,
  788,
  791,
  796,
  796,
  797,
  799,
  802,
  804,
  804,
  804,
  806,
  806,
  807,
  808,
  809,
  809,
  811,
  811,
  815,
  816,
  817,
  820,
  821,
  821,
  821,
  823,
  824,
  826,
  827,
  827,
  828,
  829,
  829,
  829,
  829,
  831,
  831,
  831,
  833,
  834,
  835,
  842,
  843,
  843,
  843,
  845,
  845,
  846,
  847,
  848,
  849,
  849,
  850,
  852,
  853,
  855,
  856,
  857,
  858,
  859,
  859,
  861,
  862,
  862,
  862,
  862,
  866,
  867,
  869,
  875,
  875,
  875,
  878,
  878,
  878,
  878,
  879,
  881,
  881,
  882,
  883,
  884,
  884,
  884,
  885,
  885,
  887,
  888,
  889,
  891,
  892,
  894,
  894,
  895,
  895,
  896,
  897,
  897,
  898,
  900,
  900,
  902,
  902,
  903,
  903,
  904,
  905,
  907,
  907,
  907,
  907,
  909,
  910,
  910,
  910,
  911,
  914,
  915,
  916,
  916,
  916,
  917,
  917,
  918,
  919,
  921,
  922,
  923,
  923,
  924,
  927,
  927,
  929,
  929,
  930,
  931,
  933,
  934,
  934,
  936,
  939,
  940,
  941,
  942,
  942,
  942,
  942,
  943,
  943,
  944,
  946,
  946,
  948,
  949,
  949,
  949,
  951,
  953,
  953,
  954,
  955,
  956,
  957,
  957,
  961,
  961,
  961,
  963,
  963,
  965,
  965,
  968,
  968,
  971,
  971,
  973,
  973,
  974,
  975,
  975,
  976,
  977,
  977,
  978,
  979,
  979,
  981,
  982,
  982,
  984,
  984,
  984,
  985,
  988,
  992,
  994,
  995,
  996,
  996,
  996,
  997,
  998
]
